89,35
10,205
10,271
10,299
10,35
10,25
10,211
10,219
10,227
11,5
11,7
11,11
11,21
11,23
11,17
9,5
8,14
8,5
8,7
87,6
87,5
87,4
87,3
87,2
87,1
87,0
83,5
83,4
83,3
83,2
83,1
83,0
80,4
80,3
80,2
80,1
80,0
78,4
78,3
78,2
78,1
78,0
77,4
77,3
77,2
77,1
77,0
20,3
20,2
20,1
19,3
19,2
19,1
18,3
18,1
14,3
14,1
13,3
13,1
12,3
12,2
12,1
11,26
11,22
11,16
11,12
11,6
11,4
11,3
11,2
11,1
10,258
10,208
10,200
10,186
10,170
10,136
10,22
10,14
10,3
10,2
10,1
9,7
9,6
9,4
9,3
9,2
9,1
8,18
8,16
8,13
8,12
8,11
8,9
8,8
8,3
8,2
8,1
3,3
3,2
3,1
2,3
2,2
2,1
0,0
89,34
89,33
89,32
89,31
